[gd_scene format=3 uid="uid://pyxra5h16r25"]

[ext_resource type="PackedScene" uid="uid://b41mrlwt4wl22" path="res://scenes/characters/assistant.tscn" id="1_t0f7h"]
[ext_resource type="PackedScene" uid="uid://bbddnhcv6n50x" path="res://scenes/dialog/Dialog.tscn" id="2_3woay"]

[sub_resource type="ProceduralSkyMaterial" id="ProceduralSkyMaterial_t0f7h"]
sky_horizon_color = Color(0.66224277, 0.6717428, 0.6867428, 1)
ground_horizon_color = Color(0.66224277, 0.6717428, 0.6867428, 1)

[sub_resource type="Sky" id="Sky_fxcju"]
sky_material = SubResource("ProceduralSkyMaterial_t0f7h")

[sub_resource type="Environment" id="Environment_o4mgf"]
background_mode = 1
sky = SubResource("Sky_fxcju")
tonemap_mode = 2
glow_enabled = true

[node name="Conversation" type="Node3D" unique_id=2087735709]

[node name="WorldEnvironment" type="WorldEnvironment" parent="." unique_id=564440991]
environment = SubResource("Environment_o4mgf")

[node name="DirectionalLight3D" type="DirectionalLight3D" parent="." unique_id=1457228274]
transform = Transform3D(-0.8660254, -0.43301278, 0.24999999, 0.5000001, -0.75, 0.43301257, 3.476048e-08, 0.49999994, 0.86602545, 0, 0, 0)
light_color = Color(0, 0.7921569, 1, 1)
light_energy = 0.1
shadow_enabled = true
sky_mode = 1

[node name="Assistant" parent="." unique_id=1132874718 instance=ExtResource("1_t0f7h")]
transform = Transform3D(0.70710677, 0, 0.70710677, 0, 1, 0, -0.70710677, 0, 0.70710677, -0.5507814, -1.1050673, 0.074359715)

[node name="Camera3D" type="Camera3D" parent="." unique_id=1788205483]
transform = Transform3D(0.86602545, -0.12940955, 0.4829629, 1.1053414e-08, 0.9659259, 0.2588191, -0.5, -0.22414392, 0.8365163, 0.17952019, -0.69699764, 1.329704)

[node name="Box" type="CSGBox3D" parent="." unique_id=281468386]
size = Vector3(10, 10, 10)

[node name="Box2" type="CSGBox3D" parent="Box" unique_id=237327928]
transform = Transform3D(1, 0, 0, 0, 1, 0, 0, 0, 1, 0.5, 0.5, 0.5)
operation = 2
size = Vector3(10, 10, 10)

[node name="Dialog" parent="." unique_id=1358809422 instance=ExtResource("2_3woay")]

[node name="OmniLight3D" type="OmniLight3D" parent="." unique_id=292251224]
transform = Transform3D(1, 0, 0, 0, 1, 0, 0, 0, 1, 1, -0.5, 2)
light_energy = 0.5
omni_range = 3.0
